"Date","FilesChanged","LinesAdded","LinesDeleted","TotalChanges"
"2025-02-07","7","121","9","130"
"2025-02-08","4","7","100","107"
"2025-02-09","10","84","19","103"
"2025-02-21","13","816","178","994"
"2025-02-22","23","273","275","548"
"2025-02-23","13","774","134","908"
"2025-02-24","17","808","201","1009"
"2025-02-25","9","284","58","342"
"2025-02-26","14","1788","1025","2813"
"2025-02-27","25","2176","1349","3525"
"2025-02-28","8","513","408","921"
